MASS=Monoisotopic
BEGIN IONS
TITLE=File575 Spectrum1 scans: 36
PEPMASS=477.82077 158396.04688
CHARGE=2+
RTINSECONDS=9
SCANS=36
70.06552 14260.1
72.08125 7676.68
73.02885 1834.79
84.08101 4119.69
86.09660 21036.3
87.04399 3626.38
89.05987 15997.8
90.06333 1206.23
93.06998 1387.35
102.05496 2482.64
110.07106 1587.15
113.10709 5398.77
114.11030 2523.48
115.10724 7609.58
116.11066 5565.91
117.11430 10104.3
118.06754 1205.07
118.11115 7465.22
119.11448 14327.3
120.08081 8036.07
121.06427 4957.01
121.12109 10475.1
133.08545 12297
134.08958 1464.53
136.06131 1327.3
136.07553 1534.24
141.09225 2091.9
141.10197 1587.75
143.10011 1378.01
145.09904 1773.59
145.10938 2416.15
147.10869 1808.37
149.11594 1576.29
153.10657 5480.25
159.09079 1867.76
159.10323 2231.96
160.08719 1218.46
161.11009 2261.3
162.09363 5482.22
163.09676 1385.04
163.11072 1767.12
174.13020 1689.87
175.11977 5139.78
175.62393 1591.11
177.11133 4815.65
201.18109 4491.64
203.18091 3141.92
205.18961 1875.29
219.19133 2092.23
221.19328 2049.69
223.06238 1910.9
233.19315 1234.97
261.17908 1219.61
305.20596 5950.63
317.17331 10343.8
319.18640 1797.09
420.23566 1348.07
436.93359 1715.67
438.93503 1955.51
439.84201 1701.87
441.79977 1708.19
451.31152 6494.03
459.81375 2325.77
477.15497 3876.7
477.28516 11027.8
477.76227 3999.72
477.82330 22347.9
478.28391 22391.8
495.83099 98081.8
658.91486 5061.62
659.41949 1496.97
692.96594 2080.24
908.60834 4746.9
END IONS

BEGIN IONS
TITLE=File575 Spectrum1142 scans: 10461
PEPMASS=657.31616 131585.98438
CHARGE=2+
RTINSECONDS=2639
SCANS=10461
110.07171 1364.01
116.07078 1311.11
136.07545 1814.6
137.05991 4294.56
151.03925 2080.41
157.09782 1851.13
175.11945 1876.66
185.09227 7585.88
220.33585 1263.69
235.09227 3977.49
237.12334 21652.4
265.11877 15259.2
312.17953 1431.14
314.13583 4143.48
332.14566 39941.9
419.73044 4529
425.26514 1886.93
476.27328 4912
712.41388 2112.83
729.31396 1499.46
838.45398 16434
839.44934 5365.77
951.53607 7893.05
END IONS

BEGIN IONS
TITLE=File575 Spectrum1143 scans: 10463
PEPMASS=504.92300 143299.64063
CHARGE=3+
RTINSECONDS=2639
SCANS=10463
110.07178 9287.08
120.08096 1377.88
136.07568 1768.74
137.06023 8508.27
143.11823 63536.3
144.12186 2085.14
151.03918 4063.44
167.05571 1553.4
171.11327 17237.2
172.11658 1215.5
173.12897 20297.7
175.11923 4775.11
201.12350 7394.84
205.08748 1254.11
233.08246 1603.01
240.13506 1434.82
258.14606 1346.95
262.15131 6117.57
285.11136 1494.74
301.06070 2323.06
414.71033 7837.88
415.20486 9161.91
418.99612 1756.53
445.16891 4822.9
470.23404 1496.12
487.17810 1378.5
505.08203 5010.91
505.14041 3162.43
505.18939 4903.39
507.24802 4808.39
507.74878 2269.54
508.23816 2268.5
562.76550 7110.79
563.26190 11848.1
563.75696 9632.53
564.25555 2337.92
571.76971 5884.18
572.26959 4519.4
624.30768 1575.15
628.30664 4137.28
628.80768 2494.55
629.80597 1454.47
634.33459 8185.1
635.32135 1876.62
652.31274 1571.74
663.31378 1665.46
663.81885 1741.44
671.82898 15853.7
672.32629 26548.3
672.82416 11471.6
673.32880 2082.65
691.35138 15196.7
692.34973 13119.7
693.34985 4394.97
709.32300 1445.59
828.41302 9250.13
829.40283 8075.33
830.40448 1798.93
1014.46967 4563.88
1015.45953 4249.61
1143.52368 1550.99
END IONS

BEGIN IONS
TITLE=File575 Spectrum1144 scans: 10466
PEPMASS=687.94830 96843.27344
CHARGE=3+
RTINSECONDS=2640
SCANS=10466
147.04372 1609.64
151.03938 2068.58
152.05763 1881.21
165.10268 1333.98
177.05528 1207.21
240.09930 1717.3
276.13715 1672.55
373.17322 1543.67
474.19492 1393.06
503.28607 1398.14
603.23871 1819.32
632.32837 1518.02
669.21582 1552.12
687.22302 2187.7
688.34167 1673.91
731.30371 2291.19
747.35974 4453.56
977.44366 6683.26
978.44214 1790.97
END IONS

BEGIN IONS
TITLE=File575 Spectrum1145 scans: 10469
PEPMASS=738.39526 153587.50000
CHARGE=2+
RTINSECONDS=2641
SCANS=10469
120.08125 17325.9
129.06683 2063.66
136.07596 2111.52
137.05968 9941.14
147.11360 2680.58
151.03969 2529.6
167.08231 2331.35
179.07053 2158.34
226.13605 1255.72
233.16545 22035.2
240.09819 5224.95
248.16074 11002.9
258.10852 1450.7
261.16055 11806
299.09171 1346.84
327.12216 1507.6
354.14264 1457.58
358.20795 1890.5
359.19302 4862.5
376.22012 5354.82
390.20181 4064.94
421.16241 1507.65
489.30521 11100.2
588.37183 6811.52
593.22992 1639.61
613.20966 1423
716.43756 2093.2
738.24677 1653.89
830.47351 6875.32
879.86090 1480.26
941.50262 2213.16
958.52271 5712.33
1069.56567 3008.42
1086.58765 2352.08
1215.62988 6333.22
END IONS

BEGIN IONS
TITLE=File575 Spectrum1146 scans: 10470
PEPMASS=438.54678 131860.25000
CHARGE=3+
RTINSECONDS=2641
SCANS=10470
101.07187 1114.18
110.07167 4058.69
136.07591 8404.59
137.05981 7485.71
140.14314 1320.71
149.06010 1324.76
151.03896 4457.15
162.06676 1181.59
175.11916 5155.61
177.05547 1144.04
179.07025 1277.89
226.11816 1278.99
237.12367 27209.3
238.12494 1683.75
249.15950 2043.37
265.11731 2225.51
300.67133 1504.78
312.17783 2136.15
342.23184 2020.93
342.73376 1599.03
382.21109 1491
419.73132 15678.8
420.23148 1530.27
421.19348 2049.88
425.26273 5432.33
438.12479 3343.3
438.17212 5101.87
438.21912 4478.87
438.26068 1335.5
439.10406 1524.46
439.15790 1963.25
476.27475 4921.27
524.32867 1979.79
625.37695 1724.27
838.46124 7794.56
END IONS

BEGIN IONS
TITLE=File575 Spectrum1147 scans: 10472
PEPMASS=553.59546 73713.29688
CHARGE=3+
RTINSECONDS=2641
SCANS=10472
129.10214 1609.64
131.11801 1400.43
136.07594 1203.15
137.06001 13768.7
148.06111 1331.33
149.06039 1135.93
151.03903 7375.95
153.05473 1127.57
161.05971 1248.05
163.07343 1196.48
179.07060 1399.38
183.11433 1559.77
190.07225 1207.07
215.12198 1744.92
260.14297 7229.24
284.16031 7456.02
285.11166 1453.25
288.13721 2760.86
385.14066 4360.51
391.54565 1386.1
419.22217 4550.23
419.55920 1669.75
424.20322 4375
451.88297 2144.84
474.25766 4529.06
474.75262 1514.58
506.15253 1636.49
535.16858 13819.3
536.17126 6760.12
538.28601 4114.48
538.78552 2296.94
553.17798 17569.3
554.18585 9891.78
578.30084 1885.42
586.81238 25977.8
587.31580 15882.9
587.82129 4760.81
595.81567 1481.85
596.32709 1529.24
615.32446 4436.22
615.82465 2517.93
628.33142 2109.2
628.82880 1449.18
635.80127 4480.39
636.30481 2153.27
637.33740 18662.4
637.83789 10116.7
724.35822 4207.9
724.85278 2129.08
947.49164 1650.97
END IONS

BEGIN IONS
TITLE=File575 Spectrum1148 scans: 10475
PEPMASS=837.89905 567941.93750
CHARGE=2+
RTINSECONDS=2642
SCANS=10475
137.05962 2586.7
143.11835 13269.3
151.03940 1419.03
171.11313 14788.7
175.07153 1513.72
200.13997 1968.39
212.10196 1599.27
216.09819 7937.69
223.10869 1491.08
228.13475 19902.3
230.11334 10233.1
231.09816 8949.04
239.17537 2012.41
244.09227 1326.33
248.12433 7726.32
273.11774 1936.69
283.14059 8551.54
284.19794 11749.5
285.12195 1585.68
285.15604 2661.06
295.14056 6792.22
313.15067 12972.4
316.16357 1714.09
317.14651 2952.53
318.13168 1561.78
352.16348 1854.04
353.21838 5327.08
370.17188 6736.49
391.17438 1468.38
398.24078 10385.7
427.19373 2071.43
439.19690 2043.18
483.25980 2907.3
495.29059 1935.52
544.23352 2122.53
564.22681 1528.35
565.29883 1773.54
582.32367 1920.55
596.24829 1671.39
596.33728 2558.25
597.30139 6522.47
613.25922 1870.82
631.26703 1589.15
675.34998 5088.98
676.33624 1811.39
692.37262 6181.62
693.35687 10422.1
710.38416 24900.9
711.38611 2634.54
718.30243 2017.85
735.32965 1958.03
810.33246 2339.78
828.35376 5490.94
829.35126 1648.99
846.36401 9575.02
847.36102 1960.07
903.42029 4320.27
929.39648 2453.59
947.41492 8636.46
948.38971 9629.13
965.41821 59038.1
966.42188 14991.5
992.52124 1648.47
1079.56006 1718.69
1277.55469 8728.36
END IONS

BEGIN IONS
TITLE=File575 Spectrum1149 scans: 10476
PEPMASS=1031.41772 54668.17969
CHARGE=2+
RTINSECONDS=2642
SCANS=10476
152.05664 1465.79
312.05090 1349.28
731.31036 1694.01
978.43817 1561.89
END IONS

BEGIN IONS
TITLE=File575 Spectrum1150 scans: 10477
PEPMASS=495.77225 141768.29688
CHARGE=2+
RTINSECONDS=2642
SCANS=10477
70.06601 6141.29
72.07784 1754.25
72.08170 47813.8
84.04531 1241.81
84.08176 1514.35
86.09710 6178.69
87.05603 6397.58
97.96815 1112.96
106.05035 5785.11
107.04979 1077.91
110.07172 1504.74
120.08131 2433.38
133.06525 1521.87
137.06030 8790.5
147.07692 1313.86
149.06000 1724.66
151.03937 21056.9
151.05032 1965.95
151.07547 1546.28
152.04353 1518.89
152.05556 1316.81
152.07086 1400.86
161.05988 9209.83
162.06700 5993.28
165.05479 1444.89
179.07065 1599.11
186.08760 1471.21
186.12440 1326.99
193.04944 1563.22
199.10921 1154.74
205.11929 1781.79
221.08072 1393.54
239.07037 6396.68
257.08099 7475.88
271.09805 1249.6
285.07431 1491.96
299.09311 1388.26
301.07397 1201.02
304.17584 1161.6
375.12354 1434.07
393.71875 6005.69
395.14700 1441.79
403.24524 2223.64
413.15747 1676.35
443.25235 1370.13
447.14093 1723.64
467.13318 1818.27
477.82553 2208.26
478.15298 4305.47
495.17780 4244.08
495.24426 5570.51
495.83798 10574.2
496.18024 9367.83
496.24402 1421.25
583.33862 1558.44
601.34668 4512.97
672.38367 6036.28
758.42322 2034.98
786.42670 23319.7
787.42773 9204.94
END IONS

BEGIN IONS
TITLE=File575 Spectrum1151 scans: 10478
PEPMASS=635.32739 163907.48438
CHARGE=2+
RTINSECONDS=2642
SCANS=10478
102.05618 1262.22
129.10269 15244
137.06003 4431.84
151.03888 2345.34
175.11896 1996.06
179.07063 2057.52
203.07108 1695.89
208.06895 1418.24
242.18726 1733.12
244.11819 1676.94
324.08411 8175.48
342.09567 2634.54
373.22049 12338.6
449.77765 10146.1
450.27737 2186.92
500.20038 1651.14
501.27905 5980.86
506.32166 12208.7
506.82208 5584.67
557.22833 1504.12
586.81531 4697.04
600.35052 7890.53
617.21704 1830.22
635.16382 1430.68
635.82507 2122.13
713.43109 2109.38
770.45453 35879.3
771.45544 11863.9
1312.87939 1485.96
END IONS

BEGIN IONS
TITLE=File575 Spectrum1152 scans: 10481
PEPMASS=620.35596 281747.40625
CHARGE=2+
RTINSECONDS=2643
SCANS=10481
86.09724 15765.4
110.07150 1984.39
115.08699 6043.86
127.08733 1272.36
129.10278 7425.36
129.81314 1174.77
130.08653 2606.78
137.05989 2512.08
147.11328 13290.3
151.03934 2617.37
198.12421 1203.8
209.09236 1319.47
226.11853 14795
244.12868 2024.81
262.13992 12671.9
339.20181 1424.86
375.22339 8375.02
437.20291 1434.53
454.22961 5044.96
527.29407 6175.4
600.33740 10327
612.37787 6753.74
620.20190 1420.21
620.35901 46745
620.85785 25448
640.37854 36574.3
641.37976 10839.2
837.49060 4260.68
865.49103 15958.7
866.48242 5547.59
950.57086 6889.31
951.58905 1512.17
978.56677 5101.78
1093.59998 7433.52
1094.58533 2041.78
END IONS

BEGIN IONS
TITLE=File575 Spectrum1153 scans: 10482
PEPMASS=548.92383 161598.93750
CHARGE=3+
RTINSECONDS=2643
SCANS=10482
120.08152 1205.72
121.02795 1231.17
129.10222 1768.39
131.11832 14980.6
136.07539 1359.58
137.05971 7487.26
151.03880 4868.8
157.13376 4404.45
161.05962 1963.68
171.07645 1565.23
175.11937 2262.39
179.07076 1313.91
183.11301 1909.96
226.11974 2198.29
234.09116 1577.53
246.12781 2126.46
257.09570 4343.03
272.16949 1846.16
274.12326 12691.4
284.16180 8659.11
375.16998 1303.04
391.54532 2119.02
396.23172 1581.02
419.22293 5731.45
419.55719 2160.63
419.89127 1798.83
424.20306 4836.6
424.53674 6012.49
442.23520 1399.31
474.25623 2191.78
474.76007 2365.04
529.77893 2056.63
530.27661 4536.14
538.28827 6999.72
538.78937 4317.25
548.18848 1847.84
549.17804 8465.15
577.80652 2051.94
578.29938 5144.08
586.81348 43676.6
587.31384 27857.5
587.81464 7222.94
615.32642 11633.1
628.33478 4670.38
628.82825 5629.96
629.33112 1719.71
635.80042 6487.14
636.29926 4638.65
637.33636 29035.4
637.83978 15311.5
638.33588 5378.27
686.32349 1896.96
708.84460 1588.28
717.35480 8780.26
717.85309 6765.9
718.36151 2076.95
END IONS

BEGIN IONS
TITLE=File575 Spectrum1154 scans: 10490
PEPMASS=536.32336 119019.37500
CHARGE=2+
RTINSECONDS=2645
SCANS=10490
86.09711 39685.3
87.05604 2032.25
87.10017 1534.74
88.03969 1623.87
96.83773 1226.65
110.07156 1714.91
113.10270 1190.89
133.06087 20359.5
136.07625 1798.7
137.05963 7040.82
151.03896 6050.8
187.14383 2331.45
215.13890 4284
229.11742 1493.97
239.09535 1839.43
246.14458 2067.85
252.13382 1437.17
299.06131 5539.9
327.71274 1985.47
390.75104 1687.26
404.75165 1951.04
501.16446 2155.72
506.20154 9701.25
519.17712 12716
536.20593 14300
539.35431 1539.36
557.36639 6031.62
558.37219 1710.58
725.45679 5312.85
726.46118 4130.82
808.49268 13454.5
809.48627 4621.07
826.50690 8454.67
END IONS

BEGIN IONS
TITLE=File575 Spectrum1155 scans: 10495
PEPMASS=487.26959 294883.50000
CHARGE=2+
RTINSECONDS=2646
SCANS=10495
70.06598 4588.71
72.08157 1712.25
84.04498 3732.58
84.08153 1309.92
86.09717 101114
87.10021 2332.68
102.05542 6500.09
110.07181 1658.6
120.08059 1254.32
136.07594 2029.3
137.05956 6315.87
140.14305 1331.99
151.03886 7468.56
152.07114 1194.56
162.06641 1623.03
175.11919 5959.69
177.05478 1413.02
197.12840 6885.63
215.13936 42787.9
216.14220 4276.67
217.08067 1573.04
243.10974 2454.33
243.13388 39875.9
244.13663 1227.76
272.13464 2061.23
273.08615 1988.78
289.16113 1561.2
291.10062 1229.76
297.11176 1259.05
385.21762 1234
402.25003 7257.99
487.16803 5095.86
487.42249 2028.69
531.28699 5682.78
618.32135 33912.9
619.32025 7408.1
731.28467 1717.57
731.40637 41053.3
732.40924 13893.5
842.44226 1675.94
860.44403 13572.8
861.45282 1876.18
END IONS

BEGIN IONS
TITLE=File575 Spectrum1156 scans: 10496
PEPMASS=798.36279 127699.18750
CHARGE=2+
RTINSECONDS=2646
SCANS=10496
119.11068 1208.74
129.10213 1595.48
137.05992 9458.61
147.11296 2083.43
151.03925 5117.84
161.05965 1829.9
176.07040 1292.5
177.05486 1273.48
179.06937 1645.76
194.08252 1308.27
198.08846 1437.17
199.07243 1420.34
203.07100 1302.64
226.08249 5371.79
227.06664 2748.91
243.13307 1540.95
244.09265 10784.9
271.09589 4851.49
287.09183 5527.94
299.09161 2387.62
312.15546 2576.41
313.11185 1619.59
315.08643 1339.59
319.16214 4573.95
340.14978 1738.57
357.17523 2101.63
385.12848 1304.88
390.19922 9740.6
468.20560 1475.47
505.22498 6967.42
506.22955 1643.01
668.29150 9832.87
669.29138 1795.43
751.26984 2199.45
779.32697 2268.05
780.33484 1994.7
789.35474 2551.03
789.85651 2368.65
796.35144 6085.48
799.28186 2758.67
909.43628 2832.24
1023.47626 4366.09
1110.50806 8644.56
1111.51782 2414.23
1239.56213 6492.33
1353.62415 1999.73
END IONS

BEGIN IONS
TITLE=File575 Spectrum1157 scans: 10497
PEPMASS=741.80756 130861.39063
CHARGE=2+
RTINSECONDS=2646
SCANS=10497
115.28382 1219.77
137.06024 4376.49
147.11377 2220.49
151.03928 8068.46
152.05670 2239.36
167.05595 1199.18
173.12862 23262.1
201.12352 5420.53
248.16144 5204.51
263.07077 2325.03
299.06180 8595.5
316.15134 2219.86
327.52802 1260.77
359.02808 5991.27
392.11243 1490.77
395.22952 5856.61
490.16107 1343.37
494.29596 2244.96
505.14868 1685.65
695.20850 2400.51
724.24054 1487.43
742.24066 1472.12
752.53998 1458.67
793.40570 1928.75
922.45184 2314.1
1184.51563 1941.02
1282.47058 1564.4
END IONS

BEGIN IONS
TITLE=File575 Spectrum1158 scans: 10502
PEPMASS=421.75940 124832.56250
CHARGE=2+
RTINSECONDS=2648
SCANS=10502
60.04536 1430.75
63.51009 2782.88
70.06596 5101.84
71.08633 1173.1
72.08167 27676.5
74.06091 1391.18
84.04523 1605.22
84.08160 1603.42
85.10195 1395.6
86.09715 8984.7
102.05564 1886.74
110.07161 5323.74
120.08065 1570.81
130.05016 1247.79
136.07587 4198.6
137.05984 11316
143.11839 10122.3
151.03894 13316.1
161.05989 1631.25
163.07501 1172.36
165.05420 1493.76
171.11385 8863.59
173.12875 7836.91
175.11876 1494.01
179.07097 1641.17
199.18007 1405
201.12535 3103.38
254.14989 2265.79
255.14528 1220.09
261.97241 5057.34
272.16458 1995.7
297.10928 1227.95
357.09662 4465.28
363.21930 7292.3
374.13184 1339.29
375.10760 15930.6
421.12039 1936.15
422.13556 1724.81
472.28815 14563.9
473.28714 1601.28
571.35663 4706.03
672.39838 9148.37
673.40326 1651.87
END IONS

BEGIN IONS
TITLE=File575 Spectrum1159 scans: 10503
PEPMASS=480.25638 139967.57813
CHARGE=2+
RTINSECONDS=2648
SCANS=10503
70.06589 1709.1
72.08162 5763.86
84.04499 1855.95
84.08147 7190.67
86.09193 1510.27
86.09717 38053.3
87.10015 1175.28
88.04007 1860.06
102.05547 4883.93
110.07179 1564.88
120.08131 1662.84
129.10246 7668.74
132.10223 14877.1
136.07573 4894
137.05957 6305.61
147.04414 2333.86
149.06041 1194.68
151.03882 5374.24
151.07471 1126.58
152.07100 1136.86
161.06102 1239.43
162.06633 1750.48
163.07431 1148.23
165.05524 1207.82
167.06934 1413.11
177.05457 5063.27
179.07063 2161.18
186.12354 2291.15
201.12372 5854.32
229.11841 2308.4
245.07838 1475.86
247.12962 10161.3
278.67615 2383.97
282.08463 2120.18
343.09259 1282.18
344.09558 4931.67
414.23654 1350.26
459.27054 1634.06
463.13434 13070.9
480.17178 4936
485.27026 1725.91
584.34015 1985.44
828.40607 2079.06
END IONS

BEGIN IONS
TITLE=File575 Spectrum1160 scans: 10505
PEPMASS=591.84558 10435874.00000
CHARGE=2+
RTINSECONDS=2648
SCANS=10505
84.04520 13616.9
84.08141 252261
85.08483 3481.67
86.09706 655087
87.10039 16255.5
101.07136 5679.29
101.10797 30460.1
112.08733 20617.2
115.08688 254442
116.07086 3276.48
116.09000 4039.36
126.12762 5073.96
129.10239 357882
130.08641 279129
130.10609 11840.8
131.08974 12627.8
133.85934 2767.77
137.05927 3476.98
140.08179 3857.41
147.11284 643906
151.03970 4092.34
157.09695 5349.81
157.10854 66343.4
183.14896 20764.2
184.10765 4894.74
198.12375 82159.9
199.12691 3570.49
201.12381 13417.2
209.09258 27284.5
211.14368 11011.6
225.17102 15282.8
226.11858 586136
227.10216 16087.6
227.12210 34753.6
229.11778 31362.2
242.19801 4421.81
244.12924 104586
245.11256 53617.9
245.13245 4445.53
246.11540 5452.06
262.13968 772963
263.14343 55659.1
270.19296 11614.5
272.12405 3926.75
278.18271 4756.35
292.18118 18756.1
292.68439 4132.77
294.17987 23582
311.20935 20729.6
314.17090 10042.8
322.17517 5675.31
339.16931 3413.11
339.20264 97674.9
340.20615 11872.8
340.70834 74554.3
341.20996 23217.4
349.22272 27370.9
349.72552 4593.81
355.19772 4241.19
357.17703 6215.38
357.21405 27799.2
371.24170 11803.8
375.22385 320162
376.22641 34755.5
382.20813 5290.09
390.74161 15200.3
391.24078 3349.67
399.23441 82785
399.28116 3870.6
400.23895 13059.3
404.73767 29882
405.24011 15671.7
411.22516 11923.1
437.20319 64422.1
442.27734 24987.1
453.24603 39634.3
454.22977 189696
455.23370 26082.5
461.28259 5853.3
470.27252 212105
471.27682 33554.8
472.24139 15291
485.27078 18336.3
486.25345 23587
503.28278 34962.8
504.28531 5471.45
538.33386 14477.1
547.29211 4147.55
555.36139 336331
556.36511 65180.3
562.32251 11615.6
565.29419 33096.1
566.32935 69921.7
567.33319 13281.6
574.82434 3707.69
582.32666 34354.3
582.83984 50037.3
583.35590 1.43724E+06
583.83429 84908.7
584.35956 301409
591.84583 2.44907E+06
592.34723 1.36954E+06
592.84918 12400
600.33514 487713
601.33893 100327
652.41492 3943.46
664.41595 6040.59
680.40796 28586.6
681.42664 5553.76
697.43457 45110.8
698.43500 6022.2
713.41888 14290.3
763.44556 11076.1
764.45453 5298.25
780.47241 155619
781.47241 46605.2
784.45416 17379.9
791.44263 46940.6
792.45068 10537.5
808.46735 756237
809.46881 273366
876.52997 31214.6
877.53705 12056.8
893.55652 351037
894.55841 148290
895.49548 3616.92
904.52185 14724.3
905.53070 5720.43
913.49091 12628.8
921.55084 214503
922.55554 96170.8
938.57001 5626.5
939.56757 3669.66
948.58698 4388.12
964.59882 26946.9
965.59357 11096.9
1019.54999 37801.1
1020.54736 14115.6
1026.58179 10950
1027.57581 4209.57
1036.57813 373980
1037.57861 169936
1038.57190 3926.29
1053.60144 15311.9
1054.58813 51951.8
1055.58752 17023.8
1123.63611 4652.17
END IONS

BEGIN IONS
TITLE=File575 Spectrum1161 scans: 10506
PEPMASS=412.87225 230224.32813
CHARGE=3+
RTINSECONDS=2648
SCANS=10506
86.09719 15831.5
89.06055 1301.28
91.05492 1594.26
94.02926 10883.3
102.09193 7147.4
110.07158 1417.32
112.03973 1266.37
112.07471 1198.17
113.03489 5721.06
115.08729 2313.19
120.08093 1465.55
129.10243 9686.09
130.08652 11061.8
136.07607 1751.97
137.06003 4884.17
147.04376 1493.25
147.11279 10848.5
151.03914 7324.24
161.05951 1527.07
162.06743 1789.37
163.07513 1354.05
179.07001 1736.23
226.11829 2270.1
242.19748 3713.85
262.14041 4270.38
270.19168 2155.9
271.09723 1945.13
289.10721 2324.91
318.88470 2506.35
329.10242 1428.82
346.10760 2142.64
365.11179 4452.29
366.13556 1506.9
368.22824 1640.95
369.23178 15654.3
370.23605 2366.44
376.18179 5581.99
377.11505 1409.38
381.11557 1362.32
383.12344 12546
393.19653 1604.34
395.12018 4612.69
396.14432 6496.81
399.23483 4780.77
400.86682 1633.08
406.86948 5402.18
407.19833 2284.76
409.18842 3986.49
412.11731 1714.33
412.14981 2268.95
412.19485 20853.9
412.87469 13201.1
413.14014 14345.7
413.19925 4765.46
413.27014 17668
417.69989 13172.6
418.20010 7218.16
429.14230 1597.44
431.69766 22860.1
432.19827 10176.7
470.27255 7105.87
496.75439 2135.42
509.76041 1539.49
536.74811 1403
537.24261 1652.76
545.75391 7430.26
546.25122 4873
554.75641 1535.08
583.35559 2178.95
637.27338 4046.16
END IONS

BEGIN IONS
TITLE=File575 Spectrum1162 scans: 10509
PEPMASS=528.18683 34605.13281
CHARGE=2+
RTINSECONDS=2649
SCANS=10509
79.16164 1206.16
86.09693 4921.45
129.10185 1542.93
137.05956 7703.85
151.03883 3951.71
161.05951 1258.68
179.06891 1168.56
191.03473 1336.58
271.09409 1328.38
273.07281 1613.47
297.11288 1343.8
331.08044 8245.55
463.10172 63228.1
481.11237 7112.37
499.12360 43480.1
528.19275 6277.76
622.97705 1302.66
END IONS

BEGIN IONS
TITLE=File575 Spectrum1163 scans: 10510
PEPMASS=688.80890 133814.60938
CHARGE=2+
RTINSECONDS=2649
SCANS=10510
101.07097 1226.06
120.08074 1713.19
129.10234 1426.72
136.06151 1294.72
137.05989 5476.91
147.05852 1897.71
151.03864 2346.51
152.05669 1898.02
161.06017 1644.06
175.07417 1439
175.11894 1234.26
244.11205 2605.36
349.18231 4119.45
359.13974 2059.98
424.25461 1501.62
462.26404 1831.52
472.77856 6302.53
499.66168 1621.44
559.80170 11173.4
560.29999 2398.54
601.78607 1750.68
632.37543 8916.94
639.81787 2266.84
679.80438 4914.3
688.20410 1529.41
688.80798 9940.4
689.31903 2204.62
END IONS

BEGIN IONS
TITLE=File575 Spectrum1164 scans: 10512
PEPMASS=505.24985 117215.57813
CHARGE=3+
RTINSECONDS=2650
SCANS=10512
110.07191 8781.43
129.10260 1118
137.05965 6683.09
143.11806 54769.7
144.12122 4007.6
151.03957 2007.15
151.90440 1338.4
167.05505 1592.95
171.11287 20757.7
173.12865 16744.8
174.13208 1582.92
175.11900 1912.03
179.07066 1389.64
201.12238 7936.32
258.14453 1789.27
262.15265 7866.7
297.11630 1592.6
301.06369 1821.44
346.97461 1239.06
414.70990 7539.57
415.20569 1720.86
415.70169 2094.58
418.99283 1719.02
487.12946 1572.8
505.07990 35365.6
505.16031 7429.16
505.25330 1979.72
506.08328 4672.52
507.74390 2405.68
508.23523 2196.34
562.76270 2229.93
563.26038 8306.28
563.75403 6219.24
564.25793 1669.17
571.76636 4275.41
572.26379 6742.46
628.31104 2078.67
628.80426 5188.44
634.32654 6300.75
635.31879 7006.93
652.31116 1795.64
663.31726 6432.57
663.81134 1849.43
671.82635 10402.4
672.32343 21022.8
672.82751 9294.96
673.32538 4975.95
691.35126 12149
692.34497 15909.4
693.34296 1739.1
828.40955 5466.1
829.40338 7415.42
830.40021 1608.12
1014.45270 4526.61
1015.44690 3918.4
END IONS

BEGIN IONS
TITLE=File575 Spectrum1165 scans: 10517
PEPMASS=611.31952 21598.56055
CHARGE=2+
RTINSECONDS=2651
SCANS=10517
86.09717 2175.21
102.05556 1166.95
136.07553 1421.32
137.05957 2269.04
151.03931 6134.43
161.05917 1441.59
171.05553 6702.54
201.06590 22064.3
203.08192 21004.2
221.09161 4960.59
325.11795 2592.09
367.12698 2178.3
488.76410 1367.5
545.18750 2165.51
563.20447 5304.69
565.22260 10719.8
575.20050 4489.08
581.20990 1486.08
593.21265 13189
611.22748 11463.9
937.45532 1516.72
END IONS

BEGIN IONS
TITLE=File575 Spectrum1166 scans: 10520
PEPMASS=503.96542 38194.16797
CHARGE=3+
RTINSECONDS=2652
SCANS=10520
110.07175 1664.09
115.08710 1784.64
120.08138 2201.04
129.10257 5158.38
130.08643 2242.58
133.08606 13914.2
136.07607 1360.68
137.05960 4871.79
147.11314 7549.1
151.03937 4979.39
167.05542 1734.75
177.11208 2432.24
179.07027 1120.55
226.11821 3979.43
243.13481 2297.64
244.12947 1523.12
262.13950 6479.75
299.06146 8612.15
300.06290 1598.19
300.67136 2549.61
309.11526 1329.54
327.20041 5429.03
375.22537 4242.52
415.03864 2236.94
416.03836 1858.04
454.22897 2021.99
470.27353 7396.29
485.16809 1626.07
486.17529 2467.84
503.16452 4992.88
503.28094 2187.01
503.71729 1482.12
504.17529 5852.15
504.25983 1811.74
555.36102 2115.08
583.35614 14243.4
584.36005 2088.44
591.84711 32293.6
592.34698 20732.7
592.84796 5564.54
593.35272 1507.26
600.33740 7962.82
808.46582 6063.72
809.46307 1492.51
893.55463 1520.98
END IONS

BEGIN IONS
TITLE=File575 Spectrum1167 scans: 10521
PEPMASS=437.59756 32463.44922
CHARGE=3+
RTINSECONDS=2652
SCANS=10521
98.98481 2294.1
100.07605 1116.9
102.05568 1161.18
110.07173 2202.31
116.07118 1161.68
127.03970 1083.98
129.10239 4172.98
137.06012 7692.59
147.11288 2391.33
151.03905 4953.98
157.13335 1515.26
162.06860 1755.75
175.11809 1430.81
226.11894 9826.52
286.19186 1392.62
288.20087 1431.79
299.68588 1307.05
300.67184 8925.82
301.17413 1768.84
339.20395 1966.07
342.23190 17905
342.73328 4541.8
356.22672 1535.13
375.22446 5153.06
419.11707 4525.17
420.11713 1979.76
421.10779 1390.71
437.13892 5302.18
437.23029 5818.53
438.13049 4779.96
438.21445 5924.77
438.27036 1373.46
454.23032 2113.23
503.27841 1415.94
510.30273 1638.91
527.33331 1789.69
570.36951 1882.94
581.33936 5961.22
582.33203 1647.86
598.36792 10251.4
600.33521 18013.5
601.33508 4482.95
683.45630 2155.92
711.44806 3952.23
END IONS

BEGIN IONS
TITLE=File575 Spectrum1168 scans: 10524
PEPMASS=635.32513 389282.25000
CHARGE=2+
RTINSECONDS=2652
SCANS=10524
129.10243 26682.9
136.07590 2588.71
137.05943 6137.68
147.07552 1247.77
151.03931 1526.99
157.09715 1558.14
161.05864 1217.91
175.11885 4467.02
177.05486 4096.39
242.18578 5330.13
244.11751 8392.71
252.12462 1401.11
279.13379 2053.39
306.07285 1559.64
324.08450 13447.6
342.09534 4685.4
356.19272 1337.96
369.10217 2046.11
373.21942 19203.5
374.22211 1924.52
387.11215 1515.91
397.10120 1845.29
415.11050 6121.89
433.46588 1357.83
449.77728 22866.8
450.27939 7914.05
482.19156 1879.44
484.25040 1369.43
488.79950 1552.49
500.20163 4849.22
501.27899 13315.9
502.28201 1978.56
506.31854 17317.6
506.82214 11910.5
511.36493 1554.27
557.22089 4478.68
600.34894 13599.8
601.34814 2074.9
617.18353 1422.68
626.31781 2125.41
635.21918 2139.01
635.32446 9050.82
635.82629 1408.43
670.30560 1466.55
713.42853 5990.5
770.45154 72996.3
771.45313 21947.9
END IONS

BEGIN IONS
TITLE=File575 Spectrum1169 scans: 10527
PEPMASS=620.35608 316814.21875
CHARGE=2+
RTINSECONDS=2653
SCANS=10527
86.09701 17035.8
115.08680 6479.8
120.77110 1182.45
129.10233 12135.8
130.08649 10813.1
137.05959 4510.22
147.11263 15994.1
151.03888 2362.18
198.12303 1444.27
226.11847 17732.2
244.12956 2091.87
262.13950 18422.6
339.20303 4627.17
369.21759 1357.93
375.22327 9477.02
437.20389 4419.96
454.22952 7252.48
527.29211 7945.87
600.33350 13101.3
601.34155 2455.89
611.84778 2239.3
612.38129 11193.6
613.38898 1915.32
620.35681 67369.4
620.85669 39609.2
640.37720 53111.4
641.38049 10012.9
837.49664 5592.6
865.48737 21404.7
866.49152 8429.6
950.57343 9321.05
951.57269 1952.35
978.57562 5123.05
979.56763 4988.61
1093.60938 8341.57
1094.59229 6593.12
END IONS

BEGIN IONS
TITLE=File575 Spectrum1170 scans: 10529
PEPMASS=548.92334 76398.92969
CHARGE=3+
RTINSECONDS=2653
SCANS=10529
131.11815 11234.1
137.05980 4018.21
151.03917 5295.53
157.13327 1347.23
161.06010 1161.58
171.07655 1465.62
246.12798 2448.34
257.09540 1965.44
272.17105 2492.88
274.12213 6382.96
284.16125 6827
391.54578 2664.35
391.87540 1403.64
419.22363 1674.2
419.55658 1887.24
424.20300 5777.84
439.74762 1656.05
474.25879 4557.13
529.77362 2473.46
531.20593 2373.05
538.28839 5656.3
549.16394 8357.35
577.80438 1481.43
578.30524 5639
586.81311 36178.5
586.89966 2049.64
587.31409 21046.3
587.81335 2604.9
615.32324 4259.67
615.82458 2216.14
628.33069 2219.51
635.79968 2083.96
636.30255 2477.43
637.33533 22610.2
637.83917 12610.8
638.33954 2540.68
717.35541 7692.47
717.85352 4568.06
718.35303 1781.88
END IONS

BEGIN IONS
TITLE=File575 Spectrum1171 scans: 10532
PEPMASS=424.15994 123779.53906
CHARGE=2+
RTINSECONDS=2654
SCANS=10532
63.50406 2196.03
70.06590 3911.58
72.08156 3697.53
80.08495 1114.48
86.09718 2155.71
102.05511 1223.62
110.07213 1152.47
120.08154 1320.08
129.10332 1332.3
137.05956 2009.58
149.05956 1678.43
151.03934 2294.73
167.07016 2077.86
177.05466 4734.01
179.07028 6994.38
180.07852 2091.14
181.08514 1483.94
183.07739 1334.7
191.07047 10920.3
192.07823 10918.9
197.04507 1080.23
209.08096 13107.1
336.18259 1162.15
357.09888 2202.26
424.14154 2256.02
424.23969 2147.03
END IONS

BEGIN IONS
TITLE=File575 Spectrum1172 scans: 10535
PEPMASS=459.17202 0.00000
CHARGE=2+
RTINSECONDS=2655
SCANS=10535
70.06598 5918.89
72.08158 1593.27
86.09702 6333
91.05802 1727.24
110.07156 4199.84
129.10284 1504.97
136.07573 2415.54
137.05959 7974.2
150.89136 1151.73
151.03899 6262.41
161.05960 6820.67
162.06769 1562.69
165.05457 1210.63
167.05521 1922.64
177.05481 1430.08
179.07079 2376.71
191.07057 5032.31
203.07028 2148.14
221.08087 2209.78
225.07553 8837.83
240.09688 1524.07
267.01654 1173.16
271.09549 1175.28
283.09457 1302.73
309.11154 4745.77
315.12344 1947.73
325.10666 5891.23
326.11053 1499.06
351.12228 7119.86
357.13089 7410.96
359.02869 4501.3
361.12592 1842.41
367.11356 1371.74
369.13382 2048.81
387.14679 3145.05
397.12711 5596.53
403.13605 5827.82
414.15387 1266.41
415.13885 5555.59
429.08856 1562.65
433.14999 8053.36
462.17365 5315.6
462.23529 2195.87
580.61774 1238.98
END IONS

BEGIN IONS
TITLE=File575 Spectrum1173 scans: 10542
PEPMASS=798.36237 111761.39844
CHARGE=2+
RTINSECONDS=2657
SCANS=10542
137.05966 6223.76
149.06024 1349.95
151.03894 4939.71
152.05586 2087.83
161.05977 1527.15
193.23933 1299.09
226.08263 4351.89
244.09294 8198.3
287.09155 2055.05
299.09198 1333.86
312.15540 1678.27
313.10638 2153.09
319.16107 1939.99
340.15222 2740.78
357.17697 1875.45
390.19998 5465.69
469.19098 1384.83
505.22311 1437.42
668.29089 2658.17
789.86481 2058.62
796.35175 4790.16
798.27185 1664.83
909.44849 1536.15
1110.50952 5166.45
1239.54993 4436.17
END IONS

BEGIN IONS
TITLE=File575 Spectrum1174 scans: 10545
PEPMASS=506.79245 113540.43750
CHARGE=2+
RTINSECONDS=2657
SCANS=10545
72.08152 7679.21
84.04498 1618.63
84.08125 1477.85
86.09184 1784.12
86.09705 46542.8
87.10040 1458.29
102.05482 1280.69
110.07166 1834.77
120.08089 1710.37
129.10202 1532.91
132.10231 1514.3
133.02849 1309.17
133.08617 1210.97
137.05978 11016.8
143.11781 17553.2
144.12149 1618.12
151.03891 6009.17
161.05962 1986.54
171.11266 9743.62
175.11877 6617.22
179.07027 1900.61
187.14372 1974.62
215.13867 8401.5
227.17378 1295.21
284.19592 4213.49
285.11105 4059.23
299.09024 1314.35
314.67441 11569.1
315.08829 1181.25
315.17474 1384.69
385.24261 2022.24
460.25269 2082.47
506.08307 2571.39
506.15332 3157.36
506.25665 1266.75
507.08130 1436.18
507.16873 7051.1
507.29236 1464.17
507.36346 3534.6
531.28754 2102.51
628.34033 25737.5
629.34247 5505.91
729.39020 9863.32
842.46918 2232.82
END IONS

BEGIN IONS
TITLE=File575 Spectrum1175 scans: 10548
PEPMASS=480.25552 204823.26563
CHARGE=2+
RTINSECONDS=2658
SCANS=10548
70.06577 1453.9
72.08163 6975.17
84.04488 2297.23
84.08137 10772.2
86.09701 73291.4
87.10033 1206.18
88.03984 5179.06
102.05540 5813.55
110.07140 2172.32
120.08063 1612.68
129.10236 9537.29
132.10196 28676.5
133.06024 1215.6
136.07558 4914.91
137.05986 6663.98
143.11751 1438.77
147.04440 1469.33
149.05914 1727.73
151.03853 4357.61
161.05927 1436.92
162.06796 2227.65
165.05446 1254.6
171.11307 1695.65
179.06924 4707.67
186.12364 4459.44
187.07074 1207.15
187.10817 1911.08
201.12314 11042
212.09163 1819.02
227.06630 2118.29
229.11826 6892.42
245.07692 5107.88
247.12859 19444.6
248.13197 1269.88
271.09665 1577.15
278.67673 8881.35
279.17792 1832.73
286.13873 1676.99
365.14828 1737.13
366.15088 15263.5
382.12366 1681.24
396.22537 1220.85
414.23358 4812.34
414.70999 1804.22
471.25671 1920.2
480.17407 1984.21
480.24585 2383.52
485.27087 5092.15
584.33667 5066.7
600.30176 1971.07
715.32086 3712.15
828.41156 3665.84
829.40570 1476.38
846.42230 2449.03
END IONS

BEGIN IONS
TITLE=File575 Spectrum1176 scans: 10550
PEPMASS=591.84534 10585414.00000
CHARGE=2+
RTINSECONDS=2658
SCANS=10550
84.04507 18850.4
84.08134 249166
85.08450 3674.11
86.09697 622338
87.10029 17281.3
88.04025 11007.4
101.07152 9069.61
101.10776 25200.7
112.08726 18778.6
115.08683 264430
116.09029 5882.9
126.12798 4661.64
129.10233 387781
130.08633 320129
130.10622 5395.16
131.08960 13816
137.06018 4823.47
140.08188 3760.59
147.11275 632256
151.03912 3445.75
157.09648 5417.09
157.10818 56277.1
167.11844 3557.47
183.11292 2945.62
183.14911 19736
184.10794 10005.1
198.12366 91080.6
199.10825 3425.15
199.12733 3404.69
201.12341 5968.85
209.09219 31786.2
211.14374 12636.9
213.12314 3186.19
214.15388 3254.77
225.17082 11909.4
226.11848 589315
227.10181 10153.1
227.12209 40790
229.11836 27196.2
242.14951 3194.72
242.19800 5056.71
244.12906 108972
245.11281 54752
245.13313 4167.42
253.16446 3055.5
262.13953 802029
263.14273 59957.3
270.19165 20445.7
272.12418 4551.87
278.18542 10424.4
292.18185 22285
292.68295 10228.7
294.18185 14258.1
311.20676 18161.3
314.17148 9091.26
322.17480 5828.74
328.14963 10519.8
332.19547 3931.52
339.16623 5002.96
339.20224 111971
340.20255 4067.5
340.70786 88209.7
341.20972 23175.8
349.22101 32706.1
349.72241 10206.5
355.19543 3163.68
357.17593 11950.3
357.21420 24702
371.24149 4087.08
375.22360 315850
376.22699 35417.4
382.21011 12181.9
385.20694 4129.51
390.73999 13634.7
391.24112 5043.08
399.23520 88269.4
400.23840 5871.83
404.73914 35782.9
405.23795 12452.3
411.22305 18859.9
437.20291 57272.5
438.20602 4874.89
442.27982 18972.5
447.78156 3498.89
452.27295 3672.9
453.24420 29020.9
454.22922 209722
455.23187 28681.8
461.28189 10385.9
461.77875 4388.35
468.24707 5430.11
469.28931 4581.84
470.27301 196610
471.27600 29717.8
472.24057 15924.5
485.27164 16181.8
486.25546 29594.7
496.31555 4015.21
503.28186 32041.8
504.28363 3317.97
510.28690 3676
514.25525 5443.68
524.31366 3715.77
538.33527 14064.3
555.36121 367480
556.36511 73365.2
562.32257 14259.5
565.29486 41735.6
566.32861 66896.1
567.32635 20431.7
574.82477 10689.6
582.32660 32961.9
582.84027 37555.4
583.35577 1.45435E+06
583.83344 94671.9
584.35962 312792
591.84552 2.37177E+06
592.34686 1.36963E+06
600.33508 473355
601.33887 94936.9
636.41394 3623.8
680.41016 26569.4
681.41626 13880.3
697.43494 50507.4
698.43579 16569.6
713.42023 14024.7
763.44275 11545
764.44519 3701.68
780.47162 154155
781.47235 62953.3
784.45453 18310.8
785.45721 12095.3
791.43982 41299
792.44385 12671.8
808.46667 751383
809.46906 267926
810.45013 9603.36
876.52856 27495
877.53943 13152.3
893.55621 350800
894.55859 141582
894.73572 3542.75
904.51752 19238
905.52179 5104.39
913.50214 15266.4
921.54999 223594
922.55231 102097
938.57446 9346.47
939.55951 4216.9
948.58990 8209.33
964.59589 28738.6
965.59503 12531.3
1019.54840 40914.6
1020.55798 17652.9
1026.56848 19053.9
1027.57971 4043.63
1036.57788 368210
1037.57886 170302
1038.56970 5157.56
1053.60583 21257.3
1054.58838 52086.8
1055.59375 21825.3
1123.63184 5662.84
END IONS

BEGIN IONS
TITLE=File575 Spectrum1177 scans: 10552
PEPMASS=413.20523 163663.56250
CHARGE=3+
RTINSECONDS=2659
SCANS=10552
86.09714 16993.6
94.02919 1223.61
120.08096 1285.59
129.10243 10783.6
130.08621 10972.3
137.05963 4846.09
147.11285 9351.72
151.03905 4045.47
183.14850 1351.74
208.17725 1182.35
213.09109 1172.17
217.09563 1601.57
226.11832 1592.96
229.15363 1582.66
242.19772 4982.69
262.14032 1738.89
270.19324 4154.09
318.88474 2257.51
376.18036 6077.39
383.12073 1455.78
399.23758 3805.36
402.17084 1648.11
406.86838 1687.99
407.20062 1779.42
409.18729 1515.12
412.87546 7800.64
413.13394 10842.7
413.21533 11734.7
413.53897 1381.97
417.69888 10103.5
418.20099 4592.8
431.69720 20718
432.19754 8657.95
432.69958 1757.22
470.27142 5632.04
471.27783 1360.55
488.24057 1691.86
496.75433 1679.34
501.25113 1308.36
509.75967 5079.13
537.23932 1401.4
545.74878 2026.81
546.25226 1886.78
554.76337 1406.55
555.25439 1390.02
555.35840 1443.75
583.35840 3757.08
637.27319 1383.93
END IONS

BEGIN IONS
TITLE=File575 Spectrum1178 scans: 10554
PEPMASS=688.30267 39283.74609
CHARGE=2+
RTINSECONDS=2659
SCANS=10554
110.07138 1461.57
129.10248 1637.22
136.06216 1480.72
136.07520 1180.15
137.05962 2396
147.05901 1736.55
151.03917 2243.66
152.05638 1926.39
161.05928 1456.1
244.11342 1634.29
272.10495 1304.33
333.09564 4740.6
349.18405 4695.46
462.26611 1896.31
472.77740 2505.87
473.27826 1305.36
559.80219 12327.9
560.30579 5265.34
592.78107 2138.92
601.78717 5047.52
632.37311 8148.05
633.37738 1532.91
679.80707 1520.65
688.80988 6267.08
689.31897 3789.26
END IONS

BEGIN IONS
TITLE=File575 Spectrum1179 scans: 10555
PEPMASS=794.36639 143304.71875
CHARGE=2+
RTINSECONDS=2660
SCANS=10555
137.05919 4252.4
152.05658 1335.07
221.05530 1599.56
271.09692 1736.72
299.09326 1483.06
595.82324 1595.55
745.87585 2172.69
754.38757 94534.5
754.75336 1807.17
754.88885 52326.5
END IONS

BEGIN IONS
TITLE=File575 Spectrum1180 scans: 10558
PEPMASS=505.25037 128679.71094
CHARGE=3+
RTINSECONDS=2660
SCANS=10558
110.07160 8812.3
133.06036 6238.55
133.08601 1347.68
136.07584 1348.89
137.05959 6253.75
143.11795 57146.4
144.12134 2432.18
151.03850 4911.77
161.05954 1713.95
167.05513 2199.66
171.11308 16846.8
173.12863 15570.6
175.11885 2241.67
185.05565 1715.71
201.12263 7196.02
240.13422 1722.29
258.14545 1731.64
262.14938 5286.96
299.05960 1716.16
301.05884 1304.56
397.13080 1372.07
414.70761 7633.87
415.20285 7629.79
415.70200 1454.72
418.99368 5075.47
425.14420 1695.76
459.06851 4147.24
459.12708 2473.28
469.16782 1413.04
475.16937 1533.77
487.17615 1858.99
505.07867 61175.6
505.15475 6664.66
505.35999 1791.52
506.08185 7647.8
507.74246 6960.69
563.26208 8838.24
563.75348 6842.8
564.25470 2330.06
572.26184 6596.05
628.80566 2523.54
634.32562 4333.15
635.31329 6144.19
653.28717 1938.97
663.31427 1937.63
671.82788 5642.97
672.32117 23786.4
672.82324 12320.5
673.31683 2321.86
691.35254 11649.1
692.34503 10694.6
828.41162 4449.76
829.39868 5861.61
830.39764 1782.43
1014.47473 2039
1015.47058 2356.56
END IONS

BEGIN IONS
TITLE=File575 Spectrum1181 scans: 10559
PEPMASS=801.41034 96821.66406
CHARGE=2+
RTINSECONDS=2660
SCANS=10559
127.08620 1395.57
129.10205 5639.29
137.05949 5016.1
151.03836 1605
152.05692 1578.52
155.08083 2543.75
161.06067 1269.57
171.11224 1325.61
177.05449 1929.27
213.12338 18525.4
242.18567 1684.06
723.42926 3775.26
END IONS

BEGIN IONS
TITLE=File575 Spectrum1182 scans: 10563
PEPMASS=586.19159 33507.32422
CHARGE=2+
RTINSECONDS=2661
SCANS=10563
84.04503 1493.56
86.09711 4725.68
110.07169 1505.77
136.06158 2441.67
137.05977 19643.7
147.04411 2064.17
149.05960 4691.23
151.03893 9176.67
152.05687 2233.76
161.05960 6173.17
163.07449 1609.81
167.07037 2211.93
175.07605 2131.92
177.05496 4527.69
179.07014 8192.33
195.06581 1975.17
203.07076 7318.43
210.08716 1704.48
249.07565 7707.88
273.11234 6761.19
280.07336 1410.48
283.09680 1423.47
285.11179 2643.75
287.09171 1468.84
295.09702 1359.58
297.11209 1346.69
299.09177 19569.1
301.10892 1839.98
307.09717 1622.28
309.11197 2026.45
311.09152 2253.58
313.10809 9670.07
317.10156 4243.33
325.10696 5962.32
327.08554 1745.34
341.10345 1232.99
343.11774 5264.95
353.10144 1261.61
355.11917 2327.59
374.13931 1815.61
485.16013 1890.53
491.16998 4335.28
503.17203 29328.7
509.17960 2119.71
521.17957 5970.53
539.19189 3779.08
551.17804 1529.92
586.21375 7433.45
END IONS

BEGIN IONS
TITLE=File575 Spectrum1183 scans: 10564
PEPMASS=657.31494 119591.75000
CHARGE=2+
RTINSECONDS=2661
SCANS=10564
136.07613 1651.36
137.05998 4778.91
151.03857 2308.46
175.11899 4283.4
179.07057 1358.68
237.12349 25277.6
265.11850 15731.1
312.17856 1578.2
468.71805 1714.19
476.27554 1565.33
525.26117 1451.14
525.75763 1371.9
639.21948 1429.5
657.20294 1628.91
820.43689 1496.47
838.44794 11085.5
936.42389 2148.68
951.53296 5886.01
952.53625 1928.53
END IONS

BEGIN IONS
TITLE=File575 Spectrum1184 scans: 10566
PEPMASS=503.63107 144114.17188
CHARGE=3+
RTINSECONDS=2662
SCANS=10566
115.08724 1781.15
120.08093 6050.31
129.10240 5816.48
130.08615 2522.06
133.06097 6123.32
133.08618 11130.5
137.05994 5212.75
147.04407 1652.6
147.11287 7032.35
149.04501 1816.68
151.03944 5353.36
155.40544 1140.23
161.06009 1213.83
162.06754 1417.01
167.05585 7862.12
168.06630 1159.93
177.11307 2416.24
225.12383 1110.73
226.11955 4406.12
229.11801 1187.28
233.16631 7580.13
239.09641 1137.02
243.13428 1823.46
244.13210 1153.04
261.15854 1513.38
262.14029 7341.07
299.06238 15805.3
299.09241 2213.39
300.06155 4708.59
300.66934 3503.74
327.20178 6951.98
339.20786 1436.92
341.21619 1439.9
344.97726 1926.63
359.03360 2306.09
375.22409 5002.51
415.03662 4431.92
416.03595 2299.82
454.23224 1491.06
470.27298 6377.56
485.15475 1846.74
485.26627 1480.14
486.14972 1720.07
503.15833 13228.3
503.32947 3925.6
504.15475 7831.99
504.34973 2156.97
555.36169 4006.11
583.35718 13161.2
584.35553 4550.78
591.84570 27997
592.34698 15591.4
592.84888 3947.64
600.33600 7611.56
646.31628 1681.81
808.46118 5336.67
809.46289 1884.29
893.55463 1552.08
898.09161 1426.21
1036.56628 4039.88
1037.57251 1580.44
END IONS

BEGIN IONS
TITLE=File575 Spectrum1185 scans: 10568
PEPMASS=437.93222 221445.12500
CHARGE=3+
RTINSECONDS=2662
SCANS=10568
98.98458 1325.19
110.07172 1292.83
115.08678 4783.03
129.10268 7496.22
130.08646 4896.9
134.89635 1164.53
137.05959 4848.5
147.11272 7504.57
151.03842 4967.25
157.13344 4080.94
179.06953 1303.46
226.11859 19891.8
227.12263 1186.79
237.08632 2098.61
255.65501 1547.79
262.13943 5914.24
276.08496 1280.28
285.68906 5443.96
288.20209 1338.29
291.17325 1641.56
299.68655 5753.8
300.18826 2082.53
300.67126 25321.1
301.17233 7978.08
324.11902 5455.31
333.71814 4209.63
339.16580 1288.52
339.20230 6144.78
342.23154 51029.3
342.73233 16655.3
343.23318 2218.78
356.22980 2049.65
375.22488 11172.7
376.22345 1374.22
419.05789 2323.87
419.11008 1392.4
420.20914 1720.12
437.06830 1919.02
437.12787 4826.52
437.18753 6315.22
437.27759 1468.54
438.12976 4603.19
438.21225 1621.79
454.23093 8295.86
472.23898 1666.5
485.27054 1520.92
486.25436 2348.02
503.27869 4201.44
510.30316 2232.39
527.32813 5833.86
565.29773 2079.67
570.37274 7093.36
581.34119 16014.5
582.33881 4209.58
598.36707 26143.3
599.37183 7610.01
600.33417 36737.6
601.33929 11505.7
683.45807 7861.66
684.45868 2215.1
711.44897 9164.57
712.45874 1741.03
END IONS

BEGIN IONS
TITLE=File575 Spectrum1186 scans: 10571
PEPMASS=412.20831 78295.79688
CHARGE=3+
RTINSECONDS=2663
SCANS=10571
86.09705 8808.2
100.07594 1105.05
114.09132 1416.29
129.10231 5350.12
130.08623 4672.55
137.06036 3355.43
143.11815 1273.22
147.11284 1990.59
151.03928 4401.48
159.11287 1236.79
237.12314 4098.4
270.19159 1491.21
314.23285 3871.23
318.88443 1775.91
369.23203 6268.15
376.18100 5212.37
393.19254 1738.28
394.10245 1946.45
394.19321 4994.56
412.11340 13262.5
412.20798 107757
412.87274 8904.41
417.69827 5924.14
431.69702 8898.39
470.27264 2394.74
496.75348 1354.71
509.75858 1666.56
545.75238 2448.27
555.35693 1625.72
625.60126 1270.45
END IONS

BEGIN IONS
TITLE=File575 Spectrum1187 scans: 10573
PEPMASS=620.35657 210887.37500
CHARGE=2+
RTINSECONDS=2663
SCANS=10573
86.09700 19061
115.08677 8778.76
129.10239 7882.27
130.08632 5533.65
137.06010 4444.51
147.11316 12296.5
151.03922 4428.97
161.06013 1609.31
162.06633 1434.18
163.07571 1220.93
168.06517 1865.25
226.11906 16138.9
244.12970 1731.77
262.13977 16400.9
339.20474 2225.43
375.22437 9265.91
432.70309 1618.37
454.23184 7890.89
527.29553 6084.59
528.29150 1516.45
600.33936 9666.57
601.33960 2335.19
611.84589 1457.28
612.38318 8217.75
619.82263 1415.02
620.25146 2080.02
620.35779 56301.3
620.85803 30844.4
640.37860 39354.4
641.38074 8952
865.48969 14466.3
866.48572 6105.47
950.56940 7813.87
951.58099 5594.67
978.57111 2384.46
979.58850 1513.63
1093.59412 8990.81
1094.59241 2574.54
END IONS

BEGIN IONS
TITLE=File575 Spectrum1188 scans: 10575
PEPMASS=548.92346 206043.84375
CHARGE=3+
RTINSECONDS=2664
SCANS=10575
131.11832 7543.12
137.05968 6257.61
147.04393 1305.69
149.06015 1247.07
151.03906 5255.88
153.05424 1339.91
157.13428 1199.46
161.05991 1794.45
162.06738 1225.13
274.12241 4141.1
284.16016 4880.23
316.11804 1273.54
418.05881 1282.83
419.22659 3055.69
419.55771 1697.97
424.20483 1717.52
436.06717 4496.4
451.87326 1533.6
474.75702 1392.32
513.20374 1518.78
529.77203 1998.04
538.28546 6007.16
548.20129 5688.35
549.19342 6216.88
577.80530 2318.52
578.29315 2438.24
586.81268 27047.5
587.31439 14039.3
587.81561 4731.27
615.31818 5477.22
615.82227 2313.14
628.32703 1708.38
635.80206 1590.96
636.30005 1981.55
637.33453 13351.6
637.83386 10017.6
717.35089 1980.48
717.85602 1689.08
END IONS

BEGIN IONS
TITLE=File575 Spectrum1189 scans: 10579
PEPMASS=528.18640 0.00000
CHARGE=2+
RTINSECONDS=2665
SCANS=10579
86.09691 6686.37
107.04954 2383.49
136.07658 1727.02
137.05984 17000.8
147.04404 1912.34
149.05974 5985.3
151.03966 7329.65
161.05962 1772.97
162.06793 1292.87
165.05455 2476.09
168.06567 1630.22
169.04967 4350.94
179.06958 1698.45
255.10136 2203.03
285.11206 1775.34
297.10901 1340.92
331.08133 48593.4
333.09805 8027.13
463.13910 4559.55
481.14786 2063.16
510.20651 1418.15
528.19946 6066.03
END IONS

BEGIN IONS
TITLE=File575 Spectrum1190 scans: 10580
PEPMASS=503.25421 189386.17188
CHARGE=2+
RTINSECONDS=2665
SCANS=10580
70.06612 6970.89
72.08156 12365.8
84.04509 13035.3
86.09718 16058.9
87.05596 3999.39
89.06029 4995.32
101.07157 8134.91
102.05559 2010.69
107.04958 1293
115.08666 1396.56
118.08661 6781.83
120.08104 23064.9
121.08495 1179.3
129.06570 1483.25
129.10262 4266.17
130.08568 1218.13
131.04924 1294.18
133.08597 2162.16
136.07603 1377.81
137.05966 7186.61
147.11218 2045.62
149.04491 1316.59
149.05977 1337.09
151.03949 6026.06
162.06728 1734.31
167.05560 7029.86
168.06526 2148.3
183.11293 2546.67
225.09727 1387.33
226.08276 1700.77
228.13417 2416.71
229.11852 5179.49
233.16519 21358.1
240.09807 6137.5
243.10985 2570.78
258.10974 1902.56
261.16019 13380
263.10260 1287.91
281.05121 1496.92
299.06180 11560.3
299.09143 1681.08
323.66351 1480.7
327.20297 1256.36
337.11581 1354.54
344.97583 2054.3
354.13885 1856.44
354.65198 1456.24
359.03079 1446.75
368.15546 1892.1
372.17313 1420
415.03677 3829.4
485.16901 1815.2
503.16223 9182.91
503.24185 1823.53
518.25903 4134.57
535.28864 2118.47
583.34991 2050.46
591.84607 4656.15
592.35095 1594.37
710.32642 1531.61
END IONS

BEGIN IONS
TITLE=File575 Spectrum1191 scans: 10587
PEPMASS=438.54630 199523.90625
CHARGE=3+
RTINSECONDS=2667
SCANS=10587
100.07587 4024.46
101.07140 4242.87
110.07164 1299.98
115.08695 2320.34
129.10233 5429.85
130.08606 2520.08
136.07573 9273.88
137.05963 4611.33
143.11786 1598.42
147.11275 6793.14
151.03931 2020.77
157.13341 1235.57
171.11253 4304.43
173.12926 1525.49
175.11952 2149.76
179.06996 1446.13
192.10110 1683.68
196.07201 1992.91
196.16885 1254.74
201.12450 1344.91
226.11888 17515.7
227.12268 4207.03
237.10007 1567.76
237.12334 39591.7
238.12605 1657.36
249.15950 2136.53
262.13971 1991.67
265.11948 8300.79
285.68787 2214.06
286.19250 1674.1
291.67639 1293.97
299.68692 2409.6
300.67194 8948.89
301.17215 11370.2
312.17780 5508.45
339.20270 4590.62
342.23196 25037.4
342.73343 26334.9
343.23550 2150.47
347.70282 9251.72
348.20389 1692.19
375.22287 8091.94
382.21359 4487.69
382.71515 2395.55
391.63965 1345.78
391.71893 1401.22
410.72644 4471.84
411.22617 1396.1
420.23264 1374.46
423.71356 1308.36
425.26337 7338.81
438.21579 2325.08
439.14838 5012.13
439.20303 5306.85
454.22897 4630.92
455.22974 2180.97
467.26727 2114.03
468.72128 1566.97
486.26111 1610.05
503.27826 1918.22
524.32892 2103.77
527.33215 2146.6
528.33441 2183.19
570.37262 1885.56
571.37323 1720.71
581.33661 8145.56
582.33929 6388.48
583.34540 1923.05
598.36713 12808.2
599.36963 11410.3
600.33478 18723.5
601.34021 17349.3
602.33569 2243.54
625.37878 4932.46
683.45868 2369.53
684.45587 5205.13
694.40979 1337.12
711.45093 2060.74
712.45062 5862.07
763.42670 2059.59
820.43622 3949.31
838.45117 3991.11
END IONS

BEGIN IONS
TITLE=File575 Spectrum1192 scans: 10588
PEPMASS=682.33246 186211.09375
CHARGE=2+
RTINSECONDS=2667
SCANS=10588
96.98193 1452.07
112.05105 1360.88
136.06213 1550.72
137.05988 5794.77
147.04422 1409.78
149.05917 1408.83
151.03914 4179.91
168.06526 2569.94
175.11929 1417.55
179.07086 1555.38
181.09717 1546.43
199.10884 1267.12
209.09157 1533.17
226.11830 4785.25
244.12846 1963.31
272.17105 4850.97
337.15121 1405.61
436.06451 1504.51
587.31085 1473.29
595.81989 4205.32
624.32916 4735.45
637.33221 1331.55
638.31995 1420.43
646.34650 8616.35
646.84027 8065.14
651.33337 11011.4
651.83356 7343.75
660.33923 64673.3
660.73596 1698.69
660.83990 31858.3
682.43091 1627.1
861.46704 1843.88
862.46674 2043.46
948.48022 1749.71
965.51080 2078.15
END IONS

BEGIN IONS
TITLE=File575 Spectrum1193 scans: 10589
PEPMASS=523.71692 175566.37500
CHARGE=2+
RTINSECONDS=2667
SCANS=10589
84.04517 1398.27
84.08127 1244.47
86.09708 16000.6
87.05591 6948.47
102.05536 1253.38
110.07185 1232.57
112.11231 1266.74
115.08675 4803.09
125.06052 1157.45
129.10228 1810.98
133.06088 42760.2
136.07578 2385.01
137.05963 11655.1
147.04413 1993.76
149.05948 1686.83
151.03873 8063.61
161.05991 4096.6
162.06705 2073.83
169.13306 1456.86
179.07051 1168.54
185.16487 11582.8
187.07132 2023.62
203.06862 1272.78
204.09805 2066.04
213.15945 3935.74
236.30666 1287.25
273.11072 1242.87
316.11896 1561.65
321.66568 5375.15
328.08191 4920.74
328.11819 2377.47
379.15851 1690.23
403.03726 1627.88
418.05893 8661.82
430.17163 1398.22
436.06747 8722.58
523.16821 2221.03
524.19116 4737.72
END IONS

BEGIN IONS
TITLE=File575 Spectrum1194 scans: 10590
PEPMASS=825.92426 121739.81250
CHARGE=2+
RTINSECONDS=2667
SCANS=10590
135.53560 1162.45
137.05975 4937.97
149.05984 2041.43
151.03935 2654.15
161.05971 2112.49
199.10625 1349.03
211.14441 1283.07
228.13435 4922.27
316.12128 1551.75
418.05783 1408.44
825.29944 1544.91
END IONS

BEGIN IONS
TITLE=File575 Spectrum1195 scans: 10597
PEPMASS=591.84546 12175094.00000
CHARGE=2+
RTINSECONDS=2669
SCANS=10597
84.04507 17938.4
84.08141 217298
85.08467 3901.58
86.09707 594485
87.10045 14581.3
88.03990 2878.85
101.07147 9556.86
101.10780 25858.1
102.05554 3752.08
112.08713 16106.8
115.08694 209801
116.09034 5073.07
129.10242 348438
130.08643 275210
130.10629 11988
131.09009 5154.83
136.07651 2753.65
137.06006 5500.53
140.08199 3130.86
147.11287 569277
148.02257 2720.26
151.03882 4006.9
157.06055 3356.74
157.09689 6132.65
157.10837 50514.8
183.14919 13418.6
184.10777 4878.65
198.12392 81738.6
199.10861 5604.24
199.12701 3337.62
201.12384 12273.7
209.09302 20808.9
211.14467 13154.1
213.12321 4723.04
225.17110 12043.1
226.11867 513226
227.10226 12111.1
227.12196 38218.3
229.11899 24929.5
242.19901 5571.86
244.12932 91977.8
244.15331 4958.61
245.11256 48457
262.13977 701387
263.14255 40012.2
270.19321 12857.2
278.18460 5918.93
292.18381 20300.6
294.18134 17934.6
311.20865 13552.4
312.21198 3324.87
314.17282 3122.45
322.17734 3397.91
328.15109 9421.55
339.16809 5774.14
339.20294 111735
340.21002 9990.12
340.70770 95340.4
341.20938 26635.5
349.22156 37321.2
349.72369 3688.19
357.17847 6671.27
357.21460 24081.6
375.22385 268706
376.22757 29724.3
382.21011 9693.48
385.20938 3272.4
390.74118 5809.54
399.23474 75663.5
400.23904 11341.9
404.73770 34072.1
411.22195 21263.1
436.07132 4688.32
437.20258 51822.4
438.20801 10356.8
442.27869 14929.3
453.24701 34103.8
454.22983 174654
455.23288 26115.8
461.28287 5068.36
469.29068 4544.13
470.22504 7753.72
470.27295 196964
471.27399 27912.7
472.24106 12375
485.27237 14140.5
486.25571 22442.1
503.28329 33549.3
512.20819 4047.16
514.25482 3528.63
524.31488 4789.81
538.33600 6116.08
555.36182 313444
556.36475 68603.4
562.32391 12857.2
562.82861 3607.14
564.31433 3463.89
565.29492 33830
566.33112 63680.6
567.33374 13647
574.33075 10171.4
582.32587 28778.1
582.83990 40842.1
583.35626 1.31928E+06
583.83307 79696.4
584.36011 275853
591.84595 2.24878E+06
592.34741 1.21794E+06
592.84821 3772.56
600.33527 427283
601.33838 91814.2
652.41754 3646.79
680.40814 26217.2
681.42554 5808.53
697.43719 40753.8
698.43451 16810.2
713.41858 17795.9
763.45831 4150.99
764.45850 4169.6
780.47278 135924
781.47351 45055.2
784.45618 19771.6
785.45636 4903.14
791.44000 31755.7
792.45111 13637.8
807.47845 3606.96
808.46747 719500
809.46936 239946
809.62457 5724.92
810.45544 4331.3
876.53375 23588.9
877.53961 10504.7
893.55664 329676
894.55902 120612
904.52692 14733.4
913.49969 16185.1
914.50250 4554.03
921.55072 197436
922.55353 91560.9
938.57941 5797.07
939.57147 4756.35
948.59082 4891.74
964.58557 23403.5
965.59192 9840.89
1019.55713 41135
1020.55212 10193.9
1026.58044 12490.9
1036.57813 308903
1037.57947 160305
1053.59741 16530.9
1054.59094 50891.3
1055.58984 20115
1123.62939 11321.1
END IONS

BEGIN IONS
TITLE=File575 Spectrum1196 scans: 10604
PEPMASS=505.25214 139523.00000
CHARGE=3+
RTINSECONDS=2671
SCANS=10604
110.07182 7663.16
120.08085 1402.69
137.06029 7330.69
143.11818 56481.8
144.12103 1672.45
147.04411 1682.16
151.03883 5062.03
161.05960 2301.82
162.06694 1848.03
167.05537 2410.66
171.11267 16254.6
173.12883 13278.2
175.11940 1854.62
179.06911 1308.69
201.12317 4810.09
248.98550 4740.96
258.14438 1528.33
262.15118 6946.11
265.98550 1352
280.97543 1756.03
299.06281 1538.7
301.05923 1420.6
316.11386 1341.96
372.05328 1454.9
397.13040 1749.29
413.05630 2174.05
413.13596 2131.49
414.70877 6340.18
415.20578 5763.36
415.70782 1560.35
417.03568 1367.73
418.05798 6405.74
418.99707 2053.53
427.13977 1847.45
436.06876 7633.49
459.06451 2279.24
476.06302 1862.57
477.07236 4813.15
487.12161 1357.4
505.07663 4680.48
505.16391 7560.09
505.18896 7508.69
505.26505 2937.65
507.74249 8181.82
508.24167 4549.84
563.26172 7446.57
563.75555 6513.94
572.26031 5002.05
572.76331 4177.53
625.29431 1537.24
628.80518 4502.76
629.30334 4542.89
629.81000 1797.65
634.32684 5562.2
635.31873 4816.84
663.31342 4512.42
663.81415 2045.48
671.83215 1823.08
672.32159 26755.5
672.82391 11674.6
673.32227 5317.37
691.34924 13879.5
692.34882 13114.7
693.33636 1885.37
828.40564 5832.82
829.39709 5305.96
1014.47662 4037.54
1015.46112 1826.48
1143.50159 4050.46
1288.29578 1439
1513.35083 1669.79
END IONS

BEGIN IONS
TITLE=File575 Spectrum1197 scans: 10608
PEPMASS=676.32715 142354.90625
CHARGE=2+
RTINSECONDS=2672
SCANS=10608
96.98189 1201.7
137.05983 7485.2
143.11777 3930.01
151.03938 2376.65
163.07533 1658.55
168.06573 1880.25
171.11313 2138.32
173.12799 1420.39
177.05379 1464.12
179.07025 1398.14
228.13457 1333.8
246.14563 1390.75
341.10178 2416.16
346.12714 1467.89
418.06125 1633.33
436.06720 1535.61
550.27209 4398.88
582.27252 1347.43
621.31201 5443.8
676.25543 1892.68
692.35510 1491.57
749.37115 13080.1
750.37360 2417.1
896.44000 2011.97
1181.53015 1552.84
END IONS

BEGIN IONS
TITLE=File575 Spectrum1198 scans: 10610
PEPMASS=657.31592 112166.56250
CHARGE=2+
RTINSECONDS=2672
SCANS=10610
118.86414 1188.31
136.07605 4122.39
137.05983 6675.69
149.06003 1593.46
151.03889 1699.43
152.05684 1350.04
153.71880 1138.74
161.05968 1654.79
164.74603 1143.22
168.06596 2159.34
171.11299 2275.6
175.11942 4483.35
179.07112 1641.13
193.09851 1193.65
237.12340 31877
238.12550 1832.41
265.11865 21301.9
312.17908 1956.72
316.11771 1324.96
382.21420 2006.65
410.72620 1785.34
418.05988 2341.25
425.25989 4525.54
436.07291 1343.24
467.26941 2532.49
476.27191 1783.07
525.26123 5765.39
625.38129 2372.49
657.23010 4863.12
694.39911 1440.12
763.42212 1893.84
781.44153 1708.14
808.44177 1616.51
820.44080 6057.37
838.45428 18934.7
839.44464 5294.8
933.51929 1529.05
936.42438 5996.18
951.54205 8457.74
1049.50647 1764.15
END IONS

BEGIN IONS
TITLE=File575 Spectrum1199 scans: 10612
PEPMASS=437.59793 481480.62500
CHARGE=3+
RTINSECONDS=2672
SCANS=10612
98.98484 1729.02
100.07632 2339.74
101.07140 1230.23
102.05545 1904.19
110.07131 1277.24
115.08678 5081.22
120.08176 1513.04
129.10277 8941.51
130.08647 9505.22
137.06010 3874.48
147.11281 15036.4
151.03903 2222.48
151.07478 1228.05
157.13361 6276.38
161.05890 1277.14
183.11331 1736.57
198.12366 6252.83
201.12482 1357.88
219.13383 1367.63
226.11856 48889.8
227.12154 1838.26
237.08884 1572.42
255.65535 6333.63
257.07986 1637.98
262.14047 10284.2
268.17593 2577.69
276.68500 1352.45
285.69040 10530
286.19022 1991.49
291.17303 8100.05
291.67584 1360.85
292.15756 2268.75
298.20007 1346.05
299.68774 13913.5
300.18796 5876.03
300.67133 57103.4
301.17288 17903.5
320.71072 4007.49
324.12061 1565.06
333.22562 2282.52
333.71927 9431.95
334.22049 1546.05
339.20264 13953.7
342.23184 102773
342.73285 29371.8
343.23306 4406.02
356.22864 7183.01
356.72873 1540.51
357.17447 1854.16
375.22452 21629.6
376.22653 5448.09
390.75851 1744.36
404.03885 1698.36
419.05988 5903.51
422.04773 2197.37
437.07047 9322.46
437.13199 4343.5
437.27161 3444.35
437.59625 2487.82
438.12878 1938.27
438.25162 1724.44
454.23032 16883.9
455.22946 1932.7
468.78583 2361.39
472.23831 4843.13
485.27145 2585.75
486.25903 8090.26
503.28143 8249.86
510.30353 6732.4
527.33130 13774.2
528.33435 2202.71
553.34436 4814.63
565.29657 6295.54
570.37213 13313.9
571.37115 4688.72
581.34082 25175
582.33691 9916.97
598.36792 47323.2
599.37054 16527.1
600.33545 80065.3
601.33844 22877.4
602.34058 2118.47
666.43164 2558.82
683.45404 14553.1
684.44714 1677.73
694.42188 6528.45
695.42273 5544.51
711.45239 17426.8
712.45093 4953.65
END IONS

BEGIN IONS
TITLE=File575 Spectrum1200 scans: 10616
PEPMASS=737.29120 0.00000
CHARGE=2+
RTINSECONDS=2673
SCANS=10616
131.04910 1335.95
137.05997 11269.1
151.03873 2129.06
152.05765 1577.33
161.06058 1519.63
167.06920 2014.85
167.08188 31294.2
168.06558 1624.31
203.47684 1406.68
285.11264 1387.45
316.11810 1431.52
435.17505 7341.01
657.32861 5102.19
689.26984 1372.5
737.29144 10501.3
END IONS

BEGIN IONS
TITLE=File575 Spectrum1201 scans: 10617
PEPMASS=716.31073 130918.97656
CHARGE=2+
RTINSECONDS=2674
SCANS=10617
101.07156 9147.55
119.04916 1457.12
125.05981 1297.89
129.10234 1659.32
137.06003 4695.14
149.05989 1339.79
151.03877 2351.88
151.07629 1223.62
168.06537 1325.98
179.07098 1439.26
197.12839 5047.22
200.13905 1191.24
215.13934 8694.09
225.12381 1960.36
242.14905 1398.52
261.15512 1251.89
330.17996 1405.38
346.12656 1600.41
353.18314 14459.2
371.19287 5524.13
418.05927 1451.66
432.69519 1407.92
436.06891 5633.33
452.25171 1876.25
529.24017 1548.95
537.25470 4539.4
537.74908 1622.77
626.13843 1846.55
672.35657 1528.2
699.25647 2259.47
793.34668 5976.88
864.38446 11470.1
865.38428 1850.86
962.36969 1817.15
963.44824 6771.47
END IONS

BEGIN IONS
TITLE=File575 Spectrum1202 scans: 10621
PEPMASS=620.35590 123561.75000
CHARGE=2+
RTINSECONDS=2674
SCANS=10621
86.09705 10305.8
115.08704 2269.19
129.10262 4573.52
130.08560 1209.19
133.08594 1559.88
137.05994 4811.73
147.11296 6654.7
149.05975 1275.3
151.03902 2290.03
161.06001 1463.02
168.06598 1245.03
179.07104 1176.37
182.08163 1155.7
226.11887 7786.69
262.13934 9270.06
375.22711 3871.69
418.06155 2045.82
432.70041 1497.58
436.06802 4202.33
454.22931 1632.09
527.29523 2404.79
600.33337 5281.53
611.83783 1354.93
612.37982 5087.39
620.26642 1798.11
620.35846 28852.4
620.86035 15644.5
640.37915 20321.7
641.38171 4128.06
865.49298 9219.33
866.48999 1816.05
950.57336 4134.75
1093.59497 3835.41
END IONS

BEGIN IONS
TITLE=File575 Spectrum1203 scans: 10622
PEPMASS=548.92438 156100.57813
CHARGE=3+
RTINSECONDS=2675
SCANS=10622
119.04897 1249.24
129.10291 1158.94
131.11786 6059.16
137.05948 5266.69
147.04364 1320.37
149.06012 1719.95
151.03873 4699.6
157.13326 1478.69
162.06801 1680.44
168.06496 1204.21
194.08133 1665.52
203.08232 1685.42
272.17303 1875.25
274.12189 4597.96
284.16052 2335.27
418.06082 2155.19
419.55685 1450.61
436.07080 2302.12
474.25693 2526.76
538.28546 2089.16
538.78735 1876.01
548.20184 5904.32
549.16736 9371.27
586.81293 17672.3
587.31171 11560
587.81146 2070.21
615.32483 2198.32
628.83789 1689.48
636.30420 1804.96
637.33099 11439.1
637.83295 8467.59
638.33606 2044.72
717.34869 2128.84
717.84906 3791.29
1681.66467 1563.37
END IONS

BEGIN IONS
TITLE=File575 Spectrum1204 scans: 10632
PEPMASS=682.33319 467030.18750
CHARGE=2+
RTINSECONDS=2677
SCANS=10632
101.07121 1551.43
112.08727 1774.69
115.08681 4679.73
136.06221 1529.32
137.05991 8137
149.05972 2207.97
151.03970 1990.23
167.07126 1545.27
168.06561 1527.49
171.11293 1416.3
175.11916 2406.61
181.09682 2467.79
209.09186 6782.76
213.09192 1249.31
225.04214 1728.97
226.11888 11262.8
227.10281 5045.45
244.12909 4580.32
255.14612 2092.43
272.17249 12487.6
313.14911 2565.79
337.15118 6523.49
355.16037 2459.67
411.24710 2238.68
418.06030 1418.89
483.26074 1909.92
493.20517 1964.76
511.21606 1880.55
524.32220 1490.67
578.79401 1932.22
587.30273 6334.25
595.82172 11924.2
596.31598 5922.32
611.36182 6676.12
624.32928 11152.2
624.82721 8734.27
628.38892 1763.95
637.33032 1576.3
637.82581 4869.77
638.32727 13552.3
638.82538 4368.15
642.82813 1771.74
645.33258 4932.15
646.34222 43772.2
646.84253 18463.4
651.33191 32757.7
651.83337 29071.6
660.33911 210224
660.84003 126258
660.95416 2749.54
774.42139 6791.11
791.45013 2000.37
861.45911 7919.07
878.48016 5311.39
948.49835 12025.4
949.47803 4612.87
965.50922 5683.62
1048.49243 1840.55
1049.51404 1781.63
1059.52551 1757.75
1076.53821 1792.74
1077.55115 1638.47
1163.56323 2255.15
END IONS

BEGIN IONS
TITLE=File575 Spectrum1205 scans: 10633
PEPMASS=611.22400 168952.25000
CHARGE=2+
RTINSECONDS=2677
SCANS=10633
86.09716 2208.22
90.80360 1321.26
110.07202 1519.26
120.08118 1379.05
137.05997 2307.79
149.05988 1649.91
151.03923 6353.75
152.05734 1407.29
167.08157 2420.09
171.05571 12164.6
177.05492 1181.88
179.07024 1351.94
201.06575 27778.1
203.06618 1486.25
203.08234 19255.8
219.07632 2303.46
225.08701 1265.66
299.09155 4542.04
313.10641 1332.37
323.10040 1629.56
325.11783 1818.07
367.12720 1542.83
369.14157 2047.51
413.13190 1640.43
517.20001 2177.58
545.19287 7665.6
546.27814 1407.92
563.20239 7137.97
565.21808 16267.6
575.20496 2208.49
593.21234 17894
611.21875 9909.85
END IONS

BEGIN IONS
TITLE=File575 Spectrum1206 scans: 10637
PEPMASS=409.20459 414355.96875
CHARGE=2+
RTINSECONDS=2678
SCANS=10637
63.54657 1940.71
70.06593 5448.05
72.08165 1207.78
84.08162 1209.4
86.09714 6749.05
96.98244 1151.98
101.06049 1213.95
120.08137 1701.44
125.05994 15799.9
129.10234 4344.23
136.07489 1834.98
137.06000 4499.02
147.04401 1139.39
149.05984 2449.58
151.03908 9745.23
161.06030 1523.81
165.05443 1957.11
167.07028 4785.19
177.05438 5580.43
188.46370 1345.8
195.06577 8158.1
213.07574 16101.4
214.10068 6567.61
244.16531 4696.13
297.07895 1610.49
330.10959 1417.46
357.11914 1859.69
363.06729 1774.05
391.11435 2207.24
391.19302 58639.9
409.20441 376562
428.15817 1983.63
END IONS

BEGIN IONS
TITLE=File575 Spectrum1207 scans: 10640
PEPMASS=591.84589 6167295.00000
CHARGE=2+
RTINSECONDS=2679
SCANS=10640
84.04507 10958.9
84.08148 140537
85.08474 3425.66
86.09713 377758
87.10025 10990.5
88.04016 3880.68
101.07133 3993.87
101.10794 17182.1
102.05537 6354.03
110.07190 1840.71
112.08752 13611.2
115.08698 133990
116.09044 2908.39
129.06557 2895.75
129.10249 220641
130.08647 164493
130.10631 11052.9
131.09010 6240.68
137.05988 3645.73
147.11293 367624
148.02063 1916.51
151.03906 3282.59
152.05690 3264.17
157.06075 1814.72
157.09692 3180.51
157.10858 37438.2
183.14964 10000.6
184.10829 3678.98
198.12402 48558
199.10822 2270
201.12366 3002.23
209.09259 16238.7
211.14442 6777.74
213.12396 2265.38
214.15598 2354.32
219.09854 2519.62
225.17093 10390.6
226.11876 335238
227.10188 7463.7
227.12231 18059.7
229.11909 15810
242.19833 2170.19
243.13420 2031.59
244.12932 62362.9
245.11330 35795.3
245.13458 2251.18
262.13983 441535
263.14307 34591.5
270.19199 7942.79
278.18414 2939.3
292.18298 10771.1
294.18182 9521.9
311.20853 10797.3
314.17136 2395.59
328.15088 3301.08
339.16846 2900.58
339.20282 60044.8
340.20361 8823.52
340.70825 49412.8
340.74960 1932.4
341.20972 18107
349.22174 18533.2
349.72638 1943.23
357.17545 7584.45
357.21445 13604.2
371.24088 3259.98
375.22415 195230
376.22702 22770
382.20773 2877.93
390.74017 3952.92
399.23492 45801.3
400.23962 3477.71
404.73755 23523.3
411.22495 6545.68
437.20319 33380.1
438.21021 5387.65
442.28070 11657.5
453.24579 19823
454.22931 113036
454.29001 3728.2
455.23306 19945.8
461.28220 2042.4
469.28992 3872.86
470.27304 119839
471.27747 19088.2
472.23947 8682.82
485.27142 9525.61
486.25607 14472.1
503.28488 15930.6
512.20697 2394.1
514.25415 2155.96
538.33649 9190.82
547.28955 3556.98
555.36182 194894
556.36542 40542.2
562.32178 7487.76
562.82446 2765.06
565.29449 24999.3
566.33179 32178.1
567.33167 11177.9
574.32849 2540.64
582.32648 20466
582.84003 24874.4
583.35638 807906
583.83398 47694.2
584.36017 174482
591.84619 1.39305E+06
592.34753 779634
600.33551 252386
601.33826 62238.8
664.40802 2335.58
680.40509 20614.6
681.41022 5091.53
697.43555 23547.7
698.43018 6330.5
713.42078 6738.98
763.45227 2497.6
764.45648 2947.42
780.47333 84988.5
781.47534 30445.6
784.45837 13779.2
785.46936 2535.53
791.43994 23100.9
792.45404 11244.9
808.46747 433507
809.46979 148742
810.47205 2367.19
876.53461 15744.8
877.53271 2622.43
893.55719 191505
894.55933 73266.7
904.52142 8699.02
905.52374 2730.07
913.49744 7374.76
921.55200 134183
922.55310 52476.7
939.56567 3722.42
964.59296 12973.6
965.59161 3714.03
1019.55261 19721.5
1020.55591 6439.36
1026.57874 10190.2
1027.57959 3380.22
1036.57959 204727
1037.58081 99640.1
1053.60010 10718.3
1054.58984 26831.9
1055.59082 10236.1
END IONS

BEGIN IONS
TITLE=File575 Spectrum1208 scans: 10641
PEPMASS=665.32367 122790.21094
CHARGE=2+
RTINSECONDS=2679
SCANS=10641
101.07158 2201.64
107.04876 1164.64
127.08704 1510.9
137.06018 5295.53
141.10283 1275.26
151.03911 2122.26
169.09761 1787.01
186.12430 16345.5
214.11903 4437.07
244.09177 1864.36
302.04965 1529.95
303.17844 2249.54
315.13220 1243.52
331.97849 1419.51
379.16513 1260.96
503.25702 9535.95
528.24615 1748.85
599.19019 1427.72
618.28375 1575.27
665.23492 2359.61
689.32397 13919.4
690.31848 1628.8
802.40570 6838.01
873.43774 5001.73
874.43616 1491.91
988.46619 9018.38
1099.50903 1747.12
1116.52966 6275.24
1117.53625 1593.93
END IONS

BEGIN IONS
TITLE=File575 Spectrum1209 scans: 10642
PEPMASS=742.77081 56941.16797
CHARGE=2+
RTINSECONDS=2679
SCANS=10642
129.10213 1833.43
137.06018 4521.69
151.03928 1761.96
152.05673 1992.53
160.49667 1214.8
197.12863 1244.51
215.13905 4549.29
299.06168 2516.58
313.14844 1418.3
353.18234 11321.3
371.19357 2595.15
428.15308 1608.73
447.15616 1419.2
477.24710 2070.85
521.93524 1489.35
601.31775 5136.29
675.57593 2598.06
676.76837 2015.48
685.27502 2589.88
725.25146 1653.09
743.28790 1906.04
894.29919 1525.8
END IONS

BEGIN IONS
TITLE=File575 Spectrum1210 scans: 10643
PEPMASS=495.51514 26148.47070
CHARGE=3+
RTINSECONDS=2679
SCANS=10643
110.07194 1364.83
120.08131 4853.98
129.06606 4891.11
129.10257 6065.82
130.08719 1552.97
136.07600 6885.77
137.06044 10497.7
141.06589 1419.2
143.11803 1416.91
147.11311 7090.02
149.05948 2149.08
151.03938 5960.57
151.07588 1607.66
159.07602 1240.89
161.06039 1541.44
162.06740 1770.03
163.07573 1590.92
165.05531 2234.16
177.05574 1701.85
181.08609 9219.69
183.11292 6492.23
185.08060 1248.3
197.12883 24080.4
198.13191 2084.11
200.13911 3971.9
202.08284 1476.57
209.09331 1294.35
213.09094 2138.08
215.13930 14636.9
216.14426 1290.33
225.12386 7752.28
239.07011 2595.04
242.15028 1845.28
257.08130 4812.68
258.08453 1561.98
273.11264 1224.03
299.09354 2219.43
313.14960 1278.87
330.17853 1402.13
353.18326 15453.7
354.18323 1527.75
370.80493 1418.96
384.09814 1341.64
401.07007 10971.3
402.07498 1755.88
424.13596 2165.83
426.11630 1699.84
450.64581 1770.32
459.14948 1366.7
459.65710 1390.58
460.14746 1613.59
477.24469 6921.12
477.82852 1433.27
478.15466 2030.09
478.25177 2094.75
495.14532 4146.3
495.24536 10603.4
495.83450 12899.5
496.17438 2475.93
496.24753 2171.44
555.70428 2120.47
564.70453 1613.37
712.34424 2461.44
END IONS

BEGIN IONS
TITLE=File575 Spectrum1211 scans: 10649
PEPMASS=505.25128 260451.07813
CHARGE=3+
RTINSECONDS=2681
SCANS=10649
110.07162 12778.8
120.08055 1224.25
137.05977 9334.39
143.11803 60881.7
144.12140 2254.01
151.03851 5046.62
161.05940 1679.84
167.05615 1396.47
171.11267 15369.5
173.12831 17050.9
175.11896 2133.72
201.12340 8408
240.13466 4080.7
258.14380 2037.87
262.15088 5393.4
299.06125 1604.92
299.09235 1909.31
301.06512 2026.39
324.12878 1529.16
372.05289 4013.55
414.70850 7683.1
415.20474 7272.59
417.03549 1485.39
418.05676 7516.27
418.99521 1989.08
436.07037 8992.05
453.17938 1409.14
476.06174 7588.94
487.16852 1575.33
487.23355 1469.57
505.15417 5338.49
505.25122 1881.3
507.74075 7263.57
508.24091 5007.56
563.25836 10307.9
563.75812 7365.86
572.26306 10203.6
572.76251 6997.1
628.80511 6175.05
629.30554 4177.32
634.32666 5762.44
635.32471 1996.79
653.29382 1858.73
663.31757 3911.07
663.80603 1524
664.31201 1617.73
672.32288 26139.3
672.81995 16876.2
673.32587 8152.75
691.34961 16474.7
692.34888 10639.2
828.41272 8461.92
829.39972 4812.89
1014.47394 2589.02
1015.47607 3753.22
1082.49915 1497
1143.49658 1864.16
END IONS

BEGIN IONS
TITLE=File575 Spectrum1212 scans: 10650
PEPMASS=516.79633 140939.21875
CHARGE=2+
RTINSECONDS=2681
SCANS=10650
72.08129 2285.43
74.06081 2234.82
84.04499 3910.12
84.08137 1110.61
86.09701 25345.8
101.07117 8057.63
102.05540 1270.56
106.09442 1237.67
119.08107 1651.78
129.10202 1412.53
137.06038 8252.85
142.12244 5740.71
147.04343 1507.24
151.03847 6074.96
152.10739 2078.87
161.05922 1278.43
169.13354 1546.67
175.11887 6003.26
177.05486 1511.8
187.14433 11724.9
197.12868 2184.33
215.13948 3735.4
230.11311 1837.58
239.09682 1562.29
288.20236 2381.94
330.11154 1231.02
400.72424 6097.25
401.15244 1457.05
401.22736 4591.93
401.28247 3001.29
420.09641 11327.5
421.09525 1876.26
472.32373 5965.67
498.14413 1453.84
517.12744 1425.83
517.19135 2310.38
603.36566 6458.52
690.39758 13010.1
691.39819 4565.45
801.43457 1522.33
818.45038 14780.7
819.45349 5639.49
919.50244 1794.64
END IONS

BEGIN IONS
TITLE=File575 Spectrum1213 scans: 10654
PEPMASS=493.22949 98523.71875
CHARGE=2+
RTINSECONDS=2682
SCANS=10654
70.06587 7690.34
72.08159 1834.91
73.61205 1233.36
84.04500 1628.82
86.09716 5088.14
110.07185 1460.08
120.08120 1396.14
136.07581 23648.8
137.05981 8301.08
137.07872 2297
149.05988 1766.34
151.03909 43386
161.06036 1549.14
179.06999 1157.24
193.04964 3952.08
233.09145 6082.03
251.10237 7060.84
279.09863 9188.18
297.11273 1643.93
299.09125 20572.1
310.66864 5459.31
343.11749 2461.78
343.18655 1293.92
352.02682 1272.08
461.12552 4594.43
463.13760 2222.4
493.15091 7902.83
493.26584 2349.3
523.27679 1567.79
524.28217 1411.67
603.30560 1343.26
620.32831 9198.2
621.32849 1882.09
707.36566 10638.8
822.38232 2312.82
END IONS

BEGIN IONS
TITLE=File575 Spectrum1214 scans: 10656
PEPMASS=657.31519 120516.68750
CHARGE=2+
RTINSECONDS=2682
SCANS=10656
96.98775 1587.99
136.07549 1776.56
137.05956 4109.03
151.03922 2528.13
152.06906 1228.57
175.11835 1705.62
237.12320 24085.3
238.12666 1777.27
265.11829 13009.1
312.17789 1401.3
382.21423 1286.78
425.26306 1866.88
467.26450 4175.99
476.27188 1567.7
476.77258 1437.46
657.23230 2172.31
820.44275 3976.21
838.45142 14951.5
839.45691 1502
936.43311 2459.03
951.53027 5350.45
952.54211 1636.01
END IONS

BEGIN IONS
TITLE=File575 Spectrum1464 scans: 11708
PEPMASS=473.20282 775199.50000
CHARGE=2+
RTINSECONDS=2935
SCANS=11708
70.06597 1972.79
86.09722 2685.81
87.05602 1219.33
88.04015 4245.87
120.08121 231407
121.08468 9058.28
130.06575 12032.3
132.08101 4544.82
137.05997 9381.48
151.03929 4326.01
158.09341 2243.93
159.09189 46404.5
160.09561 2193.39
162.06764 1375.85
165.10265 4283.34
170.06038 2261.81
175.08774 7555.82
175.11913 15156
197.10406 1214.39
217.09760 41065
218.10118 4955.94
228.06595 5421.48
234.12408 15120.4
241.12975 1573.67
245.09244 32915.2
246.09492 3811.07
258.12784 2054.13
258.15652 11252.3
262.11914 52951.9
263.12155 7258.99
268.13977 2497.91
273.13495 6247.16
285.14499 22776.1
285.64755 2742.55
293.65790 2587.44
301.13089 2480.67
312.16626 5817.81
329.19336 62803.2
330.19717 5803.7
333.65402 5886.96
342.16864 2567.3
345.15509 7821.08
346.15997 1320.04
400.23090 78572.2
401.23212 11103
403.17880 4186.76
406.69379 4736.04
407.19415 1862.99
413.16144 1586.68
415.70157 9110.86
416.20306 5929.55
427.17200 5240.94
428.22690 2278.8
431.17307 6147.55
439.81705 1390.5
448.19980 1850.88
457.18567 1684.84
473.15945 7462.37
474.21536 5735.22
498.20645 14852.2
502.20584 1403.46
542.28864 1805.08
550.23694 1439.57
568.29767 1767.82
569.28650 2636.39
586.31042 83967
587.31354 23015.3
604.32220 2555.77
683.32776 16791.2
684.28748 12422.6
685.28906 3876.95
700.35254 16459.7
701.34863 6724.86
781.31073 1945.06
798.32709 1814.56
END IONS

BEGIN IONS
TITLE=File575 Spectrum1456 scans: 11667
PEPMASS=473.20242 153577.79688
CHARGE=2+
RTINSECONDS=2924
SCANS=11667
70.06594 4066.77
86.09702 5670.1
120.07243 2283.86
120.08099 63518.2
121.08428 2449.88
130.06493 5671.78
132.08195 1326.08
137.05983 11362.4
147.04350 1496.5
151.03941 7022.29
159.09155 12210.8
162.06728 1786.23
163.07449 1228.51
170.06046 1309.91
175.11902 4843.24
217.09657 11945
219.07724 1391.08
234.12376 4276.27
245.09187 8046.18
258.15561 1787.9
262.11853 17412.3
285.14499 5310.88
327.17691 1381.04
329.15936 1650.47
329.19299 19181.7
400.22992 24882.9
401.23123 4032.02
406.69217 1959.41
415.70056 1740.32
416.20349 1493.28
473.16031 9248.14
473.24634 2134.82
498.20547 1900.86
586.31049 22666.1
587.30811 8141.89
683.32336 2540.5
684.29639 2091.46
700.35199 5548.94
END IONS
